===========================================
Student no.    Angle-of-attack (degrees)     
===========================================
42057639 	     4.21
43536935 	    10.63
43594300 	     9.87
43931875 	     5.30
45072183 	     7.46
45300167 	     7.05
45301623 	     8.86
45307670 	    10.10
45555387 	     3.84
45620249 	     3.26
45808775 	    10.52
45828465 	     6.89
45884005 	     9.86
45888674 	     3.02
45888919 	     7.01
45895168 	     9.49
46126775 	     5.06
46252115 	    11.51
46387437 	    11.11
46387802 	     3.28
46402031 	     3.23
46406703 	     7.87
46409982 	    11.45
46411967 	     6.43
46413103 	     4.95
46415198 	     6.80
46415282 	     3.26
46417745 	     5.00
46418229 	     6.94
46418407 	     7.46
46422851 	     5.10
46428974 	     5.08
46444152 	     4.97
46467133 	     7.14
46470236 	     5.61
46472940 	     3.19
46475352 	    10.54
46825452 	     8.01
46931830 	     8.78
46959825 	     4.67
46964164 	    11.93
46964294 	    10.74
46964977 	     4.09
46966065 	     5.99
46966289 	     9.49
46968014 	     9.40
46968564 	    11.43
46968890 	     6.80
46969169 	    10.47
46970633 	     9.03
46970642 	     5.73
46971591 	     8.29
46972600 	    10.94
46972664 	    10.62
46974716 	     7.55
46974846 	     8.30
46977605 	     3.31
46978273 	     5.18
46980520 	    10.18
46981545 	     6.73
46984470 	     4.56
46984546 	     7.94
46987190 	     9.33
46989738 	     9.07
46990592 	     6.37
46992653 	     6.95
47017900 	     7.58
47019968 	    10.01
47024681 	     7.69
47027310 	     6.54
47038165 	     7.41
47039555 	     3.27
47055788 	     3.39
47421413 	     9.33
47427639 	    11.85
47452332 	     8.34
47498705 	     6.54
47524604 	     4.53
47661808 	     7.52
47848140 	    11.84
48602282 	     9.93
48633482 	     7.86






47661808 	     7.52

47055788 	     3.39
